-1.849999999999999867e+00 0.000000000000000000e+00 0.000000000000000000e+00
-1.750000000000000000e+00 2.133931998877774960e-01 4.596389179001284658e-02
-1.649999999999999911e+00 6.214998619951284109e-01 6.682309578101405800e-02
-1.549999999999999822e+00 1.324586314252949926e+00 8.417609361748579211e-02
-1.449999999999999956e+00 1.937373898888005153e+00 9.776374556797919058e-02
-1.349999999999999867e+00 2.746432650327055747e+00 1.097409317054727634e-01
-1.250000000000000000e+00 3.651742033522399122e+00 1.205778384902444350e-01
-1.149999999999999911e+00 4.668334633782337484e+00 1.303368076177039425e-01
-1.050000000000000044e+00 6.000601602555337699e+00 1.397647810589789374e-01
-9.499999999999999556e-01 7.383402200009055782e+00 1.482873317689250292e-01
-8.500000000000000888e-01 8.925619129918558770e+00 1.568219528231900861e-01
-7.500000000000000000e-01 1.044556713349471089e+01 1.647331382229534069e-01
-6.500000000000000222e-01 1.203182119945499728e+01 1.717904826854006473e-01
-5.500000000000000444e-01 1.402260873789837525e+01 1.800415592203460646e-01
-4.500000000000000666e-01 1.593132244116062246e+01 1.861794039630462472e-01
-3.500000000000000888e-01 1.835952770677782198e+01 1.931023466438589464e-01
-2.500000000000000000e-01 2.098149867331174434e+01 1.995041494790863179e-01
-1.500000000000000222e-01 2.380063271150715920e+01 2.062503045775282706e-01
-5.000000000000004441e-02 2.597703813094192427e+01 2.133780880961310134e-01
4.999999999999993339e-02 2.736893442421648004e+01 2.181077816707026051e-01
1.499999999999998002e-01 2.817496800851913363e+01 2.234275859619772597e-01
2.499999999999997780e-01 2.824181343036624980e+01 2.291712232532739091e-01
3.499999999999998668e-01 2.824765929420179589e+01 2.349865449563013631e-01
4.499999999999999556e-01 2.768784702483947058e+01 2.408302193000643465e-01
5.500000000000000444e-01 2.674519785999174459e+01 2.461685351634282926e-01
6.499999999999999112e-01 2.577433531539332989e+01 2.512492563997583139e-01
7.499999999999997780e-01 2.463406471788927732e+01 2.563931774486978843e-01
8.499999999999998668e-01 2.348861545709107190e+01 2.608712546019704148e-01
9.499999999999999556e-01 2.246855794224283187e+01 2.657589640472157733e-01
1.049999999999999822e+00 2.149813914292073846e+01 2.702865195290338751e-01
1.149999999999999689e+00 2.078251743020414466e+01 2.745769648966060461e-01
1.249999999999999778e+00 2.030303644639764116e+01 2.787882194934748203e-01
1.349999999999999867e+00 2.004876671193393278e+01 2.831333037660728746e-01
1.449999999999999956e+00 1.969357119849973969e+01 2.875495299218365775e-01
1.549999999999999822e+00 1.963437312935228363e+01 2.916668787014530806e-01
1.649999999999999689e+00 1.959610474643928058e+01 2.959731409297816640e-01
1.749999999999999778e+00 1.949601061586564654e+01 3.002128783517869492e-01
1.849999999999999867e+00 1.934581618208265041e+01 3.045218641785819025e-01
1.949999999999999734e+00 1.918812740818913909e+01 3.084572755829877999e-01
2.049999999999999822e+00 1.931941067683483126e+01 3.125139493143720415e-01
2.149999999999999911e+00 1.933770777469427316e+01 3.165691146577955806e-01
