-1.899999999999999911e+00 0.000000000000000000e+00 0.000000000000000000e+00
-1.700000000000000178e+00 6.038984043474930896e-01 1.090784095807467435e-01
-1.500000000000000000e+00 1.360267460225901504e+00 1.676102209478484151e-01
-1.299999999999999822e+00 2.728925724089084959e+00 2.180433897389564279e-01
-1.100000000000000089e+00 4.731135359328373369e+00 2.554005304559051615e-01
-8.999999999999999112e-01 8.139699421938354718e+00 2.862261541323442571e-01
-6.999999999999998446e-01 1.308060083192997958e+01 3.220493043726832538e-01
-4.999999999999998890e-01 2.004854129952416031e+01 3.440709201578503462e-01
-2.999999999999999334e-01 2.898584812638074482e+01 3.590112389127920745e-01
-9.999999999999997780e-02 4.094122146304290055e+01 3.782221362313325508e-01
1.000000000000000888e-01 5.307454790113390430e+01 4.146758373339569648e-01
3.000000000000002665e-01 5.998441608435277317e+01 6.547568956628923686e+00
5.000000000000002220e-01 5.275291179504533545e+01 7.401584795461594091e+00
7.000000000000001776e-01 4.514062219285236921e+01 7.402625053591171067e+00
9.000000000000001332e-01 3.880525788117677166e+01 7.403677682819727934e+00
1.100000000000000089e+00 3.378306011393721064e+01 7.404770864879310466e+00
1.300000000000000266e+00 2.975413958167189676e+01 7.405829649327232644e+00
1.500000000000000222e+00 2.675306529250584830e+01 7.406720341299187105e+00
1.700000000000000178e+00 2.497902375661224283e+01 7.407476907254676668e+00
1.900000000000000133e+00 2.398476715542084037e+01 7.408451361409205127e+00
