-1.90 0.443465
-1.80 0.121914
-1.70 0.231642
-1.60 0.383849
-1.50 0.143320
-1.40 0.181625
-1.30 0.478279
-1.20 0.063630
-1.10 0.332163
-1.00 0.151069
-0.90 0.275584
-0.80 0.341215
-0.70 0.238583
-0.60 0.290660
-0.50 0.315881
-0.40 0.025261
-0.30 0.378041
-0.20 0.068168
-0.10 0.569315
-0.00 0.337358
0.10 0.071500
0.20 0.425529
0.30 0.325851
0.40 0.395697
0.50 0.040993
0.60 0.314133
0.70 0.340475
0.80 0.137194
0.90 0.397278
1.00 0.106539
1.10 0.179372
1.20 0.257104
1.30 0.215642
1.40 0.369329
1.50 0.375401
1.60 0.245430
1.70 0.419640
1.80 0.373552
1.90 0.484062
