-1.649999999999999911e+00 0.000000000000000000e+00 0.000000000000000000e+00
-1.549999999999999822e+00 5.886175246116489568e-01 3.621786210462643596e-02
-1.449999999999999956e+00 1.263943763294373079e+00 5.194050363487185545e-02
-1.349999999999999867e+00 1.964748151230168105e+00 6.414563226910326155e-02
-1.250000000000000000e+00 2.744085244380074506e+00 7.437174856417391733e-02
-1.149999999999999911e+00 3.715598676902238662e+00 8.329391986933537551e-02
-1.049999999999999822e+00 4.984622107051776219e+00 9.155379056788674752e-02
-9.499999999999999556e-01 6.308182265107483921e+00 9.944465608033356552e-02
-8.499999999999998668e-01 7.506444995238219953e+00 1.061824897575953663e-01
-7.500000000000000000e-01 8.991828774959161663e+00 1.131306488501354485e-01
-6.499999999999999112e-01 1.050606763757576267e+01 1.189961668767085951e-01
-5.499999999999998224e-01 1.221417851761306572e+01 1.253001099794280593e-01
-4.499999999999998446e-01 1.388753466321203511e+01 1.306382050318591892e-01
-3.499999999999998668e-01 1.586099545826658286e+01 1.361635769386762562e-01
-2.499999999999998890e-01 1.792860806391248474e+01 1.418387137092858574e-01
-1.499999999999999112e-01 1.960993826941319895e+01 1.463043834301825386e-01
-4.999999999999982236e-02 2.121939025142992463e+01 1.512626009240662373e-01
5.000000000000015543e-02 2.263622295507816418e+01 1.556269698023386439e-01
1.500000000000001332e-01 2.384047546433897935e+01 1.613220331145172881e-01
2.500000000000001110e-01 2.363696170690261411e+01 1.662002525391385044e-01
3.500000000000000888e-01 2.320324141510739224e+01 1.706040537733135576e-01
4.500000000000001776e-01 2.284272870423957968e+01 1.747792809910872491e-01
5.500000000000002665e-01 2.197810478186589833e+01 1.792580008433254934e-01
6.500000000000003553e-01 2.112466887539065041e+01 1.831617861638223654e-01
7.500000000000002220e-01 2.009922263978130630e+01 1.871854474472635921e-01
8.500000000000000888e-01 1.899085381828274777e+01 1.910190496660340298e-01
9.500000000000001776e-01 1.778378815031510740e+01 1.948683766957159114e-01
1.050000000000000266e+00 1.666661383454302481e+01 1.981882471898766540e-01
1.150000000000000355e+00 1.599417107918959324e+01 2.013993393222518746e-01
1.250000000000000222e+00 1.573974420706611177e+01 2.048574415886690314e-01
1.350000000000000089e+00 1.524142375179118325e+01 2.084618978666396838e-01
1.450000000000000178e+00 1.457891997664637529e+01 2.119195809938499708e-01
1.550000000000000266e+00 1.433499910025172142e+01 2.151231830492707220e-01
1.650000000000000355e+00 1.385968201190009808e+01 2.185864643620744618e-01
1.750000000000000222e+00 1.369143266221888666e+01 2.216323219001282985e-01
1.850000000000000089e+00 1.339751785090313696e+01 2.249740626182228920e-01
1.950000000000000178e+00 1.331729772527982014e+01 2.279832030740276683e-01
2.050000000000000266e+00 1.372348226204431931e+01 2.323619638333882798e-01
2.150000000000000355e+00 1.375384784252441328e+01 2.356883665670178041e-01
