-1.649999999999999911e+00 0.000000000000000000e+00 0.000000000000000000e+00
-1.549999999999999822e+00 5.665595453828068395e-01 2.963767706328010107e-02
-1.449999999999999956e+00 1.261218470998982211e+00 4.275415789633603414e-02
-1.349999999999999867e+00 1.992021822464085101e+00 5.286521713762027536e-02
-1.250000000000000000e+00 2.761731347848250362e+00 6.110476203714261534e-02
-1.149999999999999911e+00 3.813692694805034922e+00 6.860999042634713385e-02
-1.049999999999999822e+00 5.099210290402268697e+00 7.539725790319451448e-02
-9.499999999999999556e-01 6.418077157326325555e+00 8.177335929822346361e-02
-8.499999999999998668e-01 7.674689348091369823e+00 8.741932817247667631e-02
-7.500000000000000000e-01 9.140045875121179719e+00 9.299222585900361604e-02
-6.499999999999999112e-01 1.068903137175936990e+01 9.787889389633343262e-02
-5.499999999999998224e-01 1.239755207047683250e+01 1.030634221880400714e-01
-4.499999999999998446e-01 1.409493742839968711e+01 1.074726375690385205e-01
-3.499999999999998668e-01 1.614228934634173385e+01 1.121497578286626551e-01
-2.499999999999998890e-01 1.818705614337996579e+01 1.165424278053685120e-01
-1.499999999999999112e-01 2.001236950809118653e+01 1.204634317824526263e-01
-4.999999999999982236e-02 2.162739757821865894e+01 1.243525051005680282e-01
5.000000000000015543e-02 2.307681397420820346e+01 1.280185410835444348e-01
1.500000000000001332e-01 2.423914473839310446e+01 1.324614682477319727e-01
2.500000000000001110e-01 2.411733985563618177e+01 1.364457740873791791e-01
3.500000000000000888e-01 2.376714459988914641e+01 1.400911737230386978e-01
4.500000000000001776e-01 2.336101977978385946e+01 1.435919171217729384e-01
5.500000000000002665e-01 2.250714663896231471e+01 1.472419208562111281e-01
6.500000000000003553e-01 2.161765546904198132e+01 1.505092645490580805e-01
7.500000000000002220e-01 2.055740859437157297e+01 1.537952163894124313e-01
8.500000000000000888e-01 1.943451927086432107e+01 1.569223427346064237e-01
9.500000000000001776e-01 1.822367030658744014e+01 1.600897422745825860e-01
1.050000000000000266e+00 1.716058633805431910e+01 1.628482533167222301e-01
1.150000000000000355e+00 1.650646011405874347e+01 1.655191328660596262e-01
1.250000000000000222e+00 1.620794207081405602e+01 1.683476819244107969e-01
1.350000000000000089e+00 1.572612292772468123e+01 1.713024915480090282e-01
1.450000000000000178e+00 1.508732936284774340e+01 1.741645932654438123e-01
1.550000000000000266e+00 1.488802159982984996e+01 1.767582942033720239e-01
1.650000000000000355e+00 1.448595511775993216e+01 1.796073829543269329e-01
1.750000000000000222e+00 1.431298198203586836e+01 1.821513250110045057e-01
1.850000000000000089e+00 1.403731593565941260e+01 1.848906627277391856e-01
1.950000000000000178e+00 1.394967582084561997e+01 1.873814688252020133e-01
2.050000000000000266e+00 1.422137048223212297e+01 1.909584898815500087e-01
2.150000000000000355e+00 1.419965121900174942e+01 1.937145975700294842e-01
