-1.649999999999999911e+00 0.000000000000000000e+00 0.000000000000000000e+00
-1.549999999999999822e+00 5.726201163651359893e-01 3.245869265358605066e-02
-1.449999999999999956e+00 1.255730051328260100e+00 4.668491656300425424e-02
-1.349999999999999867e+00 1.984189478213242985e+00 5.770871508892038565e-02
-1.250000000000000000e+00 2.752098659571444284e+00 6.677003939646983244e-02
-1.149999999999999911e+00 3.755267852810777907e+00 7.485689892119411215e-02
-1.049999999999999822e+00 5.022585089610967835e+00 8.228342902753829624e-02
-9.499999999999999556e-01 6.354907105546359070e+00 8.935024470268090879e-02
-8.499999999999998668e-01 7.587882039644544108e+00 9.542683442148555684e-02
-7.500000000000000000e-01 9.080236623733354051e+00 1.016396120817654875e-01
-6.499999999999999112e-01 1.060038820340504628e+01 1.069042533854807075e-01
-5.499999999999998224e-01 1.230733120695040128e+01 1.125646592068099139e-01
-4.499999999999998446e-01 1.399140496673096479e+01 1.173470775982637382e-01
-3.499999999999998668e-01 1.600742239435617265e+01 1.224123387522413897e-01
-2.499999999999998890e-01 1.807207072163715011e+01 1.273687390879698900e-01
-1.499999999999999112e-01 1.982044277267896604e+01 1.314960184051081338e-01
-4.999999999999982236e-02 2.143560052829934293e+01 1.358417057636260583e-01
5.000000000000015543e-02 2.288463260291812773e+01 1.398656620363055436e-01
1.500000000000001332e-01 2.394053088924555794e+01 1.444837020371454728e-01
2.500000000000001110e-01 2.372599116812411069e+01 1.489687662833037440e-01
3.500000000000000888e-01 2.330682404076468472e+01 1.529169389246052002e-01
4.500000000000001776e-01 2.291518240707037180e+01 1.566867192672326825e-01
5.500000000000002665e-01 2.205278613174491298e+01 1.607100530792064108e-01
6.500000000000003553e-01 2.116743322827473506e+01 1.642509239536326937e-01
7.500000000000002220e-01 2.012208235115741317e+01 1.678626305275390529e-01
8.500000000000000888e-01 1.899751092310725298e+01 1.712800206855782659e-01
9.500000000000001776e-01 1.778981223839922876e+01 1.747309330657677573e-01
1.050000000000000266e+00 1.671291907569218793e+01 1.777561634970938331e-01
1.150000000000000355e+00 1.603684205895032022e+01 1.806625046594556860e-01
1.250000000000000222e+00 1.574619747366889655e+01 1.837571632903066132e-01
1.350000000000000089e+00 1.527109534293311910e+01 1.869766474144529400e-01
1.450000000000000178e+00 1.462726082766019964e+01 1.900975761238712924e-01
1.550000000000000266e+00 1.439455677198265704e+01 1.929542105881876524e-01
1.650000000000000355e+00 1.394339003092036222e+01 1.960641956022498023e-01
1.750000000000000222e+00 1.378192326384525579e+01 1.988015569654086045e-01
1.850000000000000089e+00 1.352432073481337405e+01 2.017925461416589517e-01
1.950000000000000178e+00 1.346484075059021812e+01 2.045287517755207396e-01
2.050000000000000266e+00 1.378558705501724901e+01 2.084515226383929221e-01
2.150000000000000355e+00 1.376249426191417946e+01 2.114784512249380244e-01
