-1.899999999999999911e+00 0.000000000000000000e+00 0.000000000000000000e+00
-1.700000000000000178e+00 6.038984043476779418e-01 1.090784095796123038e-01
-1.500000000000000000e+00 1.360267460226233016e+00 1.676102209467108528e-01
-1.299999999999999822e+00 2.728925724089438010e+00 2.180433897378909192e-01
-1.100000000000000089e+00 4.731135359328749068e+00 2.554005304553613187e-01
-8.999999999999999112e-01 8.139699421938882296e+00 2.862261541321766134e-01
-6.999999999999998446e-01 1.308060083193084111e+01 3.220493043732321481e-01
-4.999999999999998890e-01 2.004854129952531849e+01 3.440709201588484922e-01
-2.999999999999999334e-01 2.898584812638219788e+01 3.590112389138260807e-01
-9.999999999999997780e-02 4.094122146304461296e+01 3.782221362323807679e-01
1.000000000000000888e-01 5.307454790113566645e+01 4.146758373345172388e-01
3.000000000000002665e-01 5.998441608404633740e+01 6.547568955948204206e+00
5.000000000000002220e-01 5.275291179469830638e+01 7.401584794211480300e+00
7.000000000000001776e-01 4.514062219250515540e+01 7.402625052340298772e+00
9.000000000000001332e-01 3.880525788082933758e+01 7.403677681570208335e+00
1.100000000000000089e+00 3.378306011358950656e+01 7.404770863631212841e+00
1.300000000000000266e+00 2.975413958132389780e+01 7.405829648080136884e+00
1.500000000000000222e+00 2.675306529215771789e+01 7.406720340046529572e+00
1.700000000000000178e+00 2.497902375626403781e+01 7.407476905995941330e+00
1.900000000000000133e+00 2.398476715507259271e+01 7.408451360146471210e+00
