Run semi-empirical minimization
 &qmmm
    qm_theory='AM1', grms_tol=0.0005,
 scfconv=1.d-10, ndiis_attempts=700,   qmcharge=0,
 /
   6     C       -2.6080        1.5470        0.4650 
   6    C1       -1.4990        1.0260       -0.0770 
   6    C2       -0.1570        1.7250       -0.1820 
   6    C3       -0.0840        3.1680        0.3560 
   6    C4       -0.8960        4.1650       -0.4320 
   8     O       -1.5500        3.8340       -1.4090 
   1     H       -3.5180        0.9560        0.4930 
   1    H1       -2.6390        2.5430        0.8880 
   1    H2       -1.5550        0.0140       -0.4680 
   1    H3        0.1630        1.7260       -1.2460 
   1    H4        0.5710        1.1090        0.3900 
   1    H5        0.9750        3.5010        0.3090 
   1    H6       -0.3990        3.1850        1.4210 
   1    H7       -0.8900        5.2060       -0.1270 

