Run semi-empirical minimization
 &qmmm
    qm_theory='AM1', grms_tol=0.0005,
 scfconv=1.d-10, ndiis_attempts=700,   qmcharge=0,
 /
   8     O       -2.9250        3.0410        1.4410 
   6     C       -2.3030        3.4500        0.4730 
   6    C1       -1.3650        2.5610       -0.3040 
   6    C2       -1.2660        1.1190        0.2320 
   6    C3       -2.5090        0.2590        0.1110 
   6    C4       -3.6690        0.6380       -0.4430 
   1     H       -2.4190        4.4840        0.1680 
   1    H1       -0.3560        3.0220       -0.2430 
   1    H2       -1.6660        2.5410       -1.3730 
   1    H3       -0.9620        1.1570        1.3000 
   1    H4       -0.4610        0.5990       -0.3310 
   1    H5       -2.4440       -0.7520        0.5010 
   1    H6       -3.8200        1.6240       -0.8650 
   1    H7       -4.4970       -0.0620       -0.4810 

