-1.849999999999999867e+00 0.000000000000000000e+00 0.000000000000000000e+00
-1.750000000000000000e+00 2.245310316756726765e-01 1.895936263508849612e-02
-1.649999999999999911e+00 5.402145117892079851e-01 2.753017262011530145e-02
-1.549999999999999822e+00 1.129569839668582265e+00 3.425542999634069441e-02
-1.449999999999999956e+00 1.904638213156242488e+00 3.995152836414807285e-02
-1.349999999999999867e+00 2.575751432984322520e+00 4.479857664155979802e-02
-1.250000000000000000e+00 3.283568389045951275e+00 4.915740709758892324e-02
-1.149999999999999911e+00 4.214547172431655220e+00 5.316717211193063009e-02
-1.050000000000000044e+00 5.474508123923467195e+00 5.703112252592559828e-02
-9.499999999999999556e-01 6.754046140649984764e+00 6.069272942188209952e-02
-8.500000000000000888e-01 7.932391125905536633e+00 6.391703400852456751e-02
-7.500000000000000000e-01 9.392530548723287964e+00 6.722467362664043267e-02
-6.500000000000000222e-01 1.093613796836584839e+01 7.028109918337331619e-02
-5.500000000000000444e-01 1.252019051099442315e+01 7.320833161426673619e-02
-4.500000000000000666e-01 1.418098722886185392e+01 7.595771393185730969e-02
-3.500000000000000888e-01 1.608385320446733857e+01 7.880044614192849295e-02
-2.500000000000000000e-01 1.786874846609604006e+01 8.151815323667481461e-02
-1.500000000000000222e-01 1.931701510433570235e+01 8.377612310462548284e-02
-5.000000000000004441e-02 2.080968045892743845e+01 8.629487139791164330e-02
4.999999999999993339e-02 2.222233651976291924e+01 8.860250745359171676e-02
1.499999999999998002e-01 2.343719982705015425e+01 9.150345810758346576e-02
2.499999999999997780e-01 2.332235853980100515e+01 9.395678758111364326e-02
3.499999999999998668e-01 2.304636205069027710e+01 9.621647015568660088e-02
4.499999999999999556e-01 2.276518962428140114e+01 9.838802488827239068e-02
5.500000000000000444e-01 2.196698812255939970e+01 1.007672718778416937e-01
6.499999999999999112e-01 2.122168254914421937e+01 1.027839915490945666e-01
7.499999999999997780e-01 2.030066780416395034e+01 1.049135247080611177e-01
8.499999999999998668e-01 1.897193058437668256e+01 1.070753501162780286e-01
9.499999999999999556e-01 1.775591643635446815e+01 1.088849572976451768e-01
1.049999999999999822e+00 1.652440871082722751e+01 1.107718308733108142e-01
1.149999999999999689e+00 1.570642606177233169e+01 1.123941760346530844e-01
1.249999999999999778e+00 1.536168126222682950e+01 1.141894497330748631e-01
1.349999999999999867e+00 1.485696648128341124e+01 1.160783650842286407e-01
1.449999999999999956e+00 1.417418261662579582e+01 1.178918009742828121e-01
1.549999999999999822e+00 1.383267730974848853e+01 1.195691236608459468e-01
1.649999999999999689e+00 1.318128192180318514e+01 1.214106952787552263e-01
1.749999999999999778e+00 1.301151209647610862e+01 1.229660186673757621e-01
1.849999999999999867e+00 1.282691794661376683e+01 1.246861420841774010e-01
1.949999999999999734e+00 1.286855174476728259e+01 1.262374522378590103e-01
2.049999999999999822e+00 1.328540822899555174e+01 1.279329351352507804e-01
2.149999999999999911e+00 1.333321314625665721e+01 1.296299872466251668e-01
